   0.0000000e+00   1.1000000e+00
   1.2200000e+01   1.0900000e+00
   1.4700000e+01   1.0800000e+00
   1.5700000e+01   1.0700000e+00
   1.6200000e+01   1.0600000e+00
   1.7000000e+01   1.0400000e+00
   1.7300000e+01   1.0200000e+00
   1.7700000e+01   1.0100000e+00
   1.8000000e+01   9.9000000e-01
   1.8300000e+01   9.6000000e-01
   1.8500000e+01   9.4000000e-01
   1.8800000e+01   9.2000000e-01
   1.9000000e+01   8.9000000e-01
   1.9200000e+01   8.6000000e-01
   1.9400000e+01   8.3000000e-01
   1.9500000e+01   8.0000000e-01
   1.9700000e+01   7.7000000e-01
   1.9800000e+01   7.4000000e-01
   2.0000000e+01   7.1000000e-01
   2.0100000e+01   6.7000000e-01
   2.0300000e+01   6.4000000e-01
   2.0400000e+01   6.0000000e-01
   2.0500000e+01   5.6000000e-01
   2.0600000e+01   5.2000000e-01
   2.0700000e+01   4.8000000e-01
   2.0800000e+01   4.4000000e-01
   2.0900000e+01   4.0000000e-01
   2.1000000e+01   3.6000000e-01
   2.1100000e+01   3.2000000e-01
   2.1200000e+01   2.7000000e-01
   2.1300000e+01   2.3000000e-01
   2.1400000e+01   1.4000000e-01
   2.1500000e+01   9.0000000e-02
   2.1600000e+01   0.0000000e+00
